1 1 -15.15487
2 1 -12.69161
3 1 -15.34216
4 1 -16.99144
5 1 -10.41146
6 1 -18.15309
7 1 -10.20691
8 1 -5.32543
9 1 -13.0215
10 1 -12.70494
11 1 -11.69267
12 1 -6.694493
13 1 3.767562
14 1 -1.579594
15 1 -7.510609
16 1 -11.60069
17 1 -5.081291
18 1 -3.631678
19 1 -11.9271
20 1 -6.489478
21 1 -10.33674
22 1 -12.75691
23 1 -1.081048
24 1 -8.952647
25 1 -4.372661
26 2 17.06705
27 2 13.42196
28 2 19.71142
29 2 15.30159
30 2 19.38852
31 2 22.1395
32 2 21.37564
33 2 20.71096
34 2 23.20187
35 2 22.15517
36 2 20.42007
37 2 27.48759
38 2 18.74268
39 2 25.99249
40 2 18.23020
41 2 14.65729
42 2 16.58651
43 2 12.64491
44 2 11.41713
45 2 9.62114
46 2 10.20474
47 2 7.573067
48 2 11.11785
49 2 12.37744
50 2 11.73407
51 3 1.194793
52 3 -5.047864
53 3 1.147630
54 3 0.9946145
55 3 3.728778
56 3 -15.67884
57 3 6.179481
58 3 6.853182
59 3 -1.454009
60 3 5.92937
61 3 0.2152494
62 3 -7.724944
63 3 0.2667863
64 3 -4.98032
65 3 -2.44279
66 3 5.070314
67 3 1.609947
68 3 -5.908302
69 3 6.93433
70 3 -2.036331
71 3 -2.464852
72 3 -2.680579
73 3 -5.143195
74 3 -4.860144
75 3 -1.88364
76 4 6.887693
77 4 5.577738
78 4 6.78409
79 4 -2.138937
80 4 1.810171
81 4 -1.240390
82 4 0.09497102
83 4 -1.477346
84 4 0.4122446
85 4 5.126102
86 4 -4.273187
87 4 3.713247
88 4 -5.097097
89 4 0.0915395
90 4 -1.453139
91 4 -1.287995
92 4 -1.908537
93 4 7.870032
94 4 7.831422
95 4 -2.791618
96 4 6.14282
97 4 7.636851
98 4 9.857018
99 4 4.270534
100 4 -5.111292
